(7, 14) (1, 1) 20
(7, 14) (1, 10) 13
(7, 14) (2, 19) 23
(7, 14) (3, 28) 29
(7, 14) (4, 6) 12
(7, 14) (4, 13) 5
(7, 14) (4, 18) 22
(7, 14) (6, 1) 19
(7, 14) (6, 8) 20
(7, 14) (6, 21) 15
(7, 14) (7, 26) 23
(7, 14) (9, 1) 20
(7, 14) (9, 20) 25
(7, 14) (9, 28) 23
(7, 14) (10, 25) 19
(7, 14) (11, 8) 11
(7, 14) (11, 12) 7
(7, 14) (11, 20) 13
(1, 1) (1, 10) 14
(1, 1) (2, 19) 40
(1, 1) (3, 28) 46
(1, 1) (4, 6) 9
(1, 1) (4, 13) 16
(1, 1) (4, 18) 39
(1, 1) (6, 1) 14
(1, 1) (6, 8) 15
(1, 1) (6, 21) 32
(1, 1) (7, 26) 40
(1, 1) (9, 1) 17
(1, 1) (9, 20) 42
(1, 1) (9, 28) 40
(1, 1) (10, 25) 36
(1, 1) (11, 8) 26
(1, 1) (11, 12) 22
(1, 1) (11, 20) 30
(1, 10) (2, 19) 33
(1, 10) (3, 28) 39
(1, 10) (4, 6) 8
(1, 10) (4, 13) 9
(1, 10) (4, 18) 32
(1, 10) (6, 1) 15
(1, 10) (6, 8) 16
(1, 10) (6, 21) 25
(1, 10) (7, 26) 33
(1, 10) (9, 1) 18
(1, 10) (9, 20) 35
(1, 10) (9, 28) 33
(1, 10) (10, 25) 29
(1, 10) (11, 8) 19
(1, 10) (11, 12) 15
(1, 10) (11, 20) 23
(2, 19) (3, 28) 17
(2, 19) (4, 6) 32
(2, 19) (4, 13) 25
(2, 19) (4, 18) 4
(2, 19) (6, 1) 39
(2, 19) (6, 8) 40
(2, 19) (6, 21) 9
(2, 19) (7, 26) 17
(2, 19) (9, 1) 36
(2, 19) (9, 20) 25
(2, 19) (9, 28) 25
(2, 19) (10, 25) 21
(2, 19) (11, 8) 27
(2, 19) (11, 12) 23
(2, 19) (11, 20) 19
(3, 28) (4, 6) 38
(3, 28) (4, 13) 31
(3, 28) (4, 18) 16
(3, 28) (6, 1) 45
(3, 28) (6, 8) 46
(3, 28) (6, 21) 15
(3, 28) (7, 26) 21
(3, 28) (9, 1) 42
(3, 28) (9, 20) 29
(3, 28) (9, 28) 29
(3, 28) (10, 25) 25
(3, 28) (11, 8) 33
(3, 28) (11, 12) 29
(3, 28) (11, 20) 25
(4, 6) (4, 13) 8
(4, 6) (4, 18) 31
(4, 6) (6, 1) 8
(4, 6) (6, 8) 9
(4, 6) (6, 21) 24
(4, 6) (7, 26) 32
(4, 6) (9, 1) 11
(4, 6) (9, 20) 34
(4, 6) (9, 28) 32
(4, 6) (10, 25) 28
(4, 6) (11, 8) 18
(4, 6) (11, 12) 14
(4, 6) (11, 20) 22
(4, 13) (4, 18) 24
(4, 13) (6, 1) 15
(4, 13) (6, 8) 16
(4, 13) (6, 21) 17
(4, 13) (7, 26) 25
(4, 13) (9, 1) 18
(4, 13) (9, 20) 27
(4, 13) (9, 28) 25
(4, 13) (10, 25) 21
(4, 13) (11, 8) 13
(4, 13) (11, 12) 9
(4, 13) (11, 20) 15
(4, 18) (6, 1) 38
(4, 18) (6, 8) 39
(4, 18) (6, 21) 8
(4, 18) (7, 26) 16
(4, 18) (9, 1) 35
(4, 18) (9, 20) 24
(4, 18) (9, 28) 24
(4, 18) (10, 25) 20
(4, 18) (11, 8) 26
(4, 18) (11, 12) 22
(4, 18) (11, 20) 18
(6, 1) (6, 8) 10
(6, 1) (6, 21) 31
(6, 1) (7, 26) 39
(6, 1) (9, 1) 4
(6, 1) (9, 20) 41
(6, 1) (9, 28) 39
(6, 1) (10, 25) 35
(6, 1) (11, 8) 13
(6, 1) (11, 12) 19
(6, 1) (11, 20) 29
(6, 8) (6, 21) 32
(6, 8) (7, 26) 40
(6, 8) (9, 1) 11
(6, 8) (9, 20) 42
(6, 8) (9, 28) 40
(6, 8) (10, 25) 36
(6, 8) (11, 8) 14
(6, 8) (11, 12) 20
(6, 8) (11, 20) 30
(6, 21) (7, 26) 13
(6, 21) (9, 1) 28
(6, 21) (9, 20) 21
(6, 21) (9, 28) 21
(6, 21) (10, 25) 17
(6, 21) (11, 8) 19
(6, 21) (11, 12) 15
(6, 21) (11, 20) 11
(7, 26) (9, 1) 36
(7, 26) (9, 20) 9
(7, 26) (9, 28) 9
(7, 26) (10, 25) 5
(7, 26) (11, 8) 27
(7, 26) (11, 12) 23
(7, 26) (11, 20) 11
(9, 1) (9, 20) 38
(9, 1) (9, 28) 36
(9, 1) (10, 25) 32
(9, 1) (11, 8) 10
(9, 1) (11, 12) 16
(9, 1) (11, 20) 26
(9, 20) (9, 28) 13
(9, 20) (10, 25) 7
(9, 20) (11, 8) 29
(9, 20) (11, 12) 25
(9, 20) (11, 20) 13
(9, 28) (10, 25) 7
(9, 28) (11, 8) 27
(9, 28) (11, 12) 23
(9, 28) (11, 20) 11
(10, 25) (11, 8) 23
(10, 25) (11, 12) 19
(10, 25) (11, 20) 7
(11, 8) (11, 12) 7
(11, 8) (11, 20) 17
(11, 12) (11, 20) 13
